"MGI_Symbol"	"SRR8867570"	"SRR8867571"	"SRR8867572"	"SRR12554274"	"SRR12554275"	"SRR12554276"	"SRR3143894"	"SRR3143897"	"SRR11294120"	"SRR11294121"	"SRR11294122"	"SRR5809472"	"SRR5809473"	"SRR5809474"	"SRR5809475"	"SRR6910771"	"SRR6910772"	"SRR6910773"	"SRR5809464"	"SRR5809465"	"SRR5809466"	"SRR5809467"	"SRR6910774"	"SRR6910775"	"SRR6910776"	"SRR12554271"	"SRR12554272"	"SRR12554273"
"Sypl2"	263.246638972103	191.545791154926	116.261588165687	145.796723848337	231.760716990807	212.506539646339	212.831516702931	210.850656873635	242.291430196678	216.996845111961	237.237725400476	142.070232347717	172.650934692936	101.498694716991	216.438055636806	149.79844824329	114.527424287248	120.77571598258	46.7215129771	69.8594186149477	68.1660593690797	54.0974791621744	65.2134362988633	83.730858033097	70.5692415208179	52.006943249583	71.7097360208632	64.0444885633391
"Rassf6"	26.6343658254128	30.8234606456203	0.985267696319378	29.907020276582	24.0866651371941	19.274416339909	8.29628101090886	7.05310295880116	7.3421645514145	16.6146076303822	9.44972071825795	6.76524915941508	57.5503115643121	10.1498694716991	16.0324485656893	15.8078764477844	5.41683763520768	13.1614562288709	4.67215129771	0	0	6.01083101801938	3.62296868327018	0.820890765030363	0	0	0.339856568819257	0
"Dzip1"	46.4552892303712	37.4284879268246	30.5432985859007	48.8481331184173	35.8362578870449	32.2053538844049	56.1594406892292	66.4476541908109	73.911123150906	61.9271738950608	71.1215822479414	27.0609966376603	102.311665003221	0	48.0973456970679	42.1543371940918	31.7271918633593	44.9037918396773	4.67215129771	26.8690071595953	26.2177151419537	24.0433240720775	18.1148434163509	19.7013783607287	19.759387625829	11.2245201258093	25.149386092625	14.981166915401
"Slc4a5"	3.09701928202475	0.733891920133816	2.95580308895813	0	0.29373981874627	2.43979953669734	25.5270184951042	15.2198537532025	15.6632843763509	13.5937698794036	17.4073802704752	13.5304983188302	25.5779162508054	50.7493473584957	16.0324485656893	18.0661445117536	8.51217342675492	6.96782976822579	4.67215129771	5.37380143191905	0	0	0	7.38801688527326	0.940923220277571	2.61905469602216	1.69928284409628	2.24717503731014
"Foxm1"	109.634482583676	88.8009223361917	32.5138339785395	71.7768486637968	99.5777985549854	76.6097054522966	40.2050541297891	41.9474018076069	55.3109729539892	66.4584305215286	57.1956780315613	54.1219932753206	31.9723953135067	30.4496084150974	24.0486728485339	32.3685089168919	18.5720147492835	42.5811819169354	9.34430259542001	21.4952057276762	20.974172113563	12.0216620360388	18.1148434163509	7.38801688527326	11.2910786433309	10.1020681132283	14.2739758904088	10.1122876678956
"Lox"	436.060314909084	193.013574995193	447.311534128998	427.670389955123	309.895508777315	321.077619029371	202.939797036078	260.222377585243	196.770009977909	361.997057158933	284.983682713779	236.783720579528	159.861976567533	91.3488252452922	152.308261374048	197.974833607967	61.9067158309449	152.518051593387	56.06581557252	32.2428085915143	36.7048011987352	6.01083101801938	40.7583976867895	50.0743366668521	11.2910786433309	32.1769576939866	35.0052265883834	27.3406296206067
"Col8a1"	241.56750399793	128.431086023418	192.127200782279	303.307030638336	119.845846048478	143.948172665143	62.2221075818165	96.8873616972159	71.9532126038621	169.1669140548	202.920318581539	473.567441159055	223.806767194547	101.498694716991	248.502952768184	276.261459825566	92.0862397985305	116.904699444677	0	5.37380143191905	0	0	12.6803903914456	28.7311767760627	60.2190860977646	26.9388483019423	21.0711072667939	27.7151587934918
"Sycp1"	20.4403272613633	20.5489737637468	16.7495508374294	14.7042849693195	18.7993483997613	24.6419753206432	20.1025270648946	13.3637740272022	22.5159712910045	21.6493372153464	18.4020877145023	20.2957474782452	38.366874376208	30.4496084150974	48.0973456970679	24.0881926823382	19.3458486971703	20.1292859970967	4.67215129771	10.7476028638381	10.4870860567815	12.0216620360388	6.34019519572282	9.85068918036435	11.2910786433309	4.1156573794634	10.1956970645777	5.99246676616038
"Pkn3"	5.57463470764454	4.40335152080289	10.8379446595132	7.4767550691455	4.11235746244778	7.31939861009203	35.7378258931459	47.8868569308079	47.4793307658138	62.4306468535572	55.7036168655205	40.5914949564905	57.5503115643121	81.1989557735931	40.0811214142232	45.9181173007071	23.9888523844911	57.2910447609676	0	16.1214042957572	31.4612581703445	18.0324930540581	20.8320699288035	14.7760337705465	14.1138483041636	15.714328176133	16.6529718721436	8.98870014924057
"Mad2l1"	123.261367424585	89.5348142563255	97.5415019356184	83.9888819434012	95.7591809112839	134.188974518354	12.7635092475521	15.5910696984026	18.6001501969167	16.6146076303822	16.9100265484616	6.76524915941508	19.183437188104	30.4496084150974	8.01622428284465	13.5496083838152	7.73833947886811	10.838846306129	9.34430259542001	0	5.24354302839075	12.0216620360388	4.52871085408773	4.92534459018218	1.88184644055514	0	3.39856568819257	4.49435007462029
"Nek2"	86.097136040288	31.5573525657541	42.3665109417333	53.0849609909331	56.6917850180301	67.8264271201862	129.868706593843	106.538976272418	186.980457242689	158.090508967879	146.719347994005	209.722723941867	268.568120633456	274.046475735877	232.470504202495	231.848854567505	238.340855949138	212.131706277096	74.75442076336	16.1214042957572	41.948344227126	72.1299722162325	64.3076941280457	59.9250258472165	41.4006216922131	52.006943249583	55.7364772863581	43.8199132275478
"Myof"	236.612273146691	170.262925471045	133.996406699435	183.429724363036	167.431696685374	204.211221221568	20.1025270648946	12.9925580820021	21.0475383807216	8.05556733594286	15.4179653824209	14755.0084166843	19029.9696905992	4912.53682430238	18084.6019820975	12488.975149771	21097.0349212381	17802.8050578169	4.67215129771	0	0	0	1.81148434163509	3.28356306012145	2.82276966083271	0	0	2.62170421019517
"Mapk12"	59.4627702148751	63.848597051642	39.4107078527751	16.6980863210916	83.4221085239406	66.118567444498	17874.3374380031	22314.9041138113	17382.8193142922	31664.4213057574	30673.7934514653	54.1219932753206	44.7613534389094	30.4496084150974	32.0648971313786	36.8850450448303	30.1795239675856	36.3875554562903	4200.26401664129	4874.03789875058	7419.61338517291	6948.5206568304	4844.81487170305	6814.21424051704	2211.16956765229	5778.00881009575	5258.60068934036	5835.53904272156
"Fn1"	36708.9695498393	50323.7028554959	51504.8688250955	54216.4432580638	41177.0352714896	40666.090717764	42.7577559792995	53.4550961088088	55.8004505907502	70.4862141895001	59.6824466416291	317.966710492509	351.696348448574	385.695039924567	665.346615476106	403.477227429164	310.307413102611	317.423356108064	14.01645389313	10.7476028638381	15.7306290851722	36.0649861081163	20.8320699288035	15.5969245355769	8.46830898249814	0.374150670860309	21.4109638356132	13.4830502238609
"Ect2"	186.44056077789	168.795141630778	138.922745181032	213.336744639618	155.975843754269	141.020413221107	470.016228041106	586.521193416096	810.0854888394	631.858562913019	801.236846163871	162.365979825962	319.723953135067	30.4496084150974	240.486728485339	130.979547710214	102.919915068946	166.453711129838	228.93541358779	123.597432934138	94.3837745110335	150.270775450484	220.095347508663	191.267548252074	152.429561684967	150.408569685844	168.568858134351	158.425840130365
"Rnd3"	642.941202948337	812.418355588134	1109.41142605562	761.881341545927	864.182546751526	831.239702152785	267.395518736216	173.729062353629	253.05993820542	233.107979783847	304.877831594322	20.2957474782452	31.9723953135067	0	24.0486728485339	6.02204817058454	5.41683763520768	10.838846306129	56.06581557252	53.7380143191905	94.3837745110335	30.0541550900969	67.9306628113159	77.1637319128541	114.792632873864	64.3539153879732	69.6705966079476	70.7860136752695
"Aif1l"	278.112331525822	162.924006269707	103.453108113535	99.1916172506637	230.879497534568	229.097176495881	1829.3299629054	1744.34372649509	1696.04001137675	3326.9493097444	2850.83153458182	1461.29381843366	6509.57968582996	2811.51384366066	3895.8850014625	3967.02423237257	1660.6476521651	2365.19110465887	270.98477526718	209.578255844843	372.291555015743	318.574043955027	423.887335942611	472.833080657489	283.217889303549	319.150522243844	366.365381187159	283.144054701078
"Clu"	3775.26650478817	1583.00487172864	1686.77829609877	3045.53156483194	2106.4082402295	2182.40068557577	1606.28763880443	2158.62072133835	3490.95450537921	1811.49570467015	2568.33462047811	473.567441159055	1048.69456628302	345.095562037771	777.573755435931	1103.54032725962	581.149294862995	602.330173297741	228.93541358779	290.185277323629	466.675329526777	324.584874973046	226.435542704386	365.296390438511	238.994497950503	317.653919560402	307.570194781427	317.226209433615
"Thbs1"	978.65809311982	951.123928493425	929.107437629173	1237.90141428152	838.6271825206	794.886689055995	11.1680705916081	11.878910246402	17.1317172866338	17.621553547375	15.9153191044344	87.948239072396	102.311665003221	0	40.0811214142232	51.1874094499686	21.6673505408307	55.7426381458063	4.67215129771	0	0	0	3.62296868327018	9.02979841533399	1.88184644055514	4.1156573794634	4.75799196346959	0.374529172885024
"Htra3"	284.925773946277	111.55157186034	139.908012877352	275.393811713526	149.513567741851	141.752353082116	133.697759368108	56.7960396156093	183.064636148601	79.0452544839394	115.38606350715	13.5304983188302	95.9171859405201	10.1498694716991	80.1622428284465	25.5937047249843	17.7981808013967	38.7101653790322	14.01645389313	5.37380143191905	5.24354302839075	6.01083101801938	9.963163878993	21.3431598907894	7.52738576222057	8.2313147589268	6.11741823874662	13.4830502238609
"Cbs"	72.4702511993791	92.4703819368608	114.291052773048	65.7954446084804	103.690156017433	97.5919814678938	103.384424905172	125.099773532421	136.074783019549	154.062725299907	144.729933105951	54.1219932753206	127.889581254027	10.1498694716991	48.0973456970679	69.2535539617222	41.7870331858878	70.4525009898386	14.01645389313	37.6166100234334	31.4612581703445	30.0541550900969	19.0205855871684	26.2685044809716	23.5230805069393	22.4490402516185	21.0711072667939	24.3443962375266
"Kif11"	613.829221697305	397.035528792394	414.797700150458	383.806760216136	556.343216705435	506.258403864699	1380.37352512276	1636.31988644187	2139.01727264542	1986.70429422691	1816.33579279358	595.341926028527	1067.87800347112	405.994778867966	865.752222547222	1113.32615553682	612.876486726354	734.718938894031	280.3290778626	360.044695938577	298.881952618273	240.433240720775	247.26761263319	364.475499673481	159.01602422691	298.946386017387	291.257079478103	270.035533650102
"Plod2"	1964.12962866009	1563.92368180516	1416.81494730727	2069.3165779705	1420.23202363821	1550.73658552483	30.3133344629362	31.9245712872052	27.4107476586141	38.767417804225	40.2856514830997	13.5304983188302	31.9723953135067	0	16.0324485656893	17.3133884904306	7.73833947886811	18.5808793819354	0	0	10.4870860567815	12.0216620360388	5.43445302490527	8.20890765030362	4.70461610138786	7.10886274634587	5.43770510110811	2.62170421019517
"Aurka"	39.0224429535118	49.9046505690995	71.9245418313146	33.6453978111548	58.747963749254	61.9709082321126	78.8146696036342	103.940464656017	121.39045391672	113.281415661697	155.174361268236	60.8872424347357	57.5503115643121	10.1498694716991	8.01622428284465	89.577966537445	23.9888523844911	35.6133521487096	9.34430259542001	26.8690071595953	31.4612581703445	24.0433240720775	11.7746482206281	14.7760337705465	6.586462541943	15.3401775052727	15.9732587345051	17.6028711255961
"Inhba"	79.2836936198335	78.5264354543183	41.3812432454139	72.2752990017399	64.0352804866868	71.7301063789019	998.744598620952	360.450682789259	570.241446826526	498.941701869961	546.59174049292	47.3567441159055	44.7613534389094	30.4496084150974	24.0486728485339	54.9511895565839	27.0841881760384	30.1939289956451	23.36075648855	80.6070214787858	62.922516340689	78.1408032342519	6.34019519572282	27.089395246002	16.9366179649963	36.29261507345	53.6973378734426	43.4453840546628
"C3"	1933.15943583985	2147.36775831154	214.788357797624	457.577410231705	2020.0487335181	1968.43026620742	30.3133344629362	33.0382191228054	44.542464945248	37.2569989287358	38.7935903170589	27.0609966376603	76.7337487524161	10.1498694716991	88.1784671112911	162.595300605783	37.9178634464537	48.0006050699999	0	0	31.4612581703445	18.0324930540581	6.34019519572282	18.8804875956983	9.40923220277572	9.35376677150773	12.5746930463125	10.4868168407807
"Abcc12"	67.5150203481395	42.5657313677613	28.572763193262	67.2907956223095	36.1299977057912	45.1362914289009	74.347441366991	138.834763504823	65.1005256892086	211.962115526997	226.793297238191	690.055414260338	517.952804078809	274.046475735877	344.69764416232	770.822165834821	414.001162119444	548.135941767096	60.73796687023	16.1214042957572	5.24354302839075	6.01083101801938	6.34019519572282	16.4178153006072	0	12.3469721383902	15.2935455968666	16.4792836069411
"Cilp2"	497.381296693174	468.223045045374	234.493711724012	578.45161718289	350.725343583046	332.788656805518	698.1639558411	706.052727770516	699.953020568182	970.192391022619	845.003973701066	196.192225623037	95.9171859405201	71.049086301894	168.340709939738	105.385842985229	153.219121681589	115.356292829516	345.73919603054	231.073461572519	335.586753817008	198.357423594639	178.431207651056	281.565532405414	139.256636601081	246.191141426083	243.677159843407	275.653471243378
"Sulf2"	895.038572505152	686.188945325118	452.237872610594	859.32838261379	639.471585410629	616.04938301608	95.7263193566407	71.2734614784117	76.8479889714718	80.5556733594287	69.6295210819007	40.5914949564905	63.9447906270134	60.8992168301948	120.24336424267	69.2535539617222	64.2282176746053	88.2591770641934	1140.00491664124	231.073461572519	99.6273175394242	24.0433240720775	384.034680426639	310.296709181477	358.491746925755	338.232206457719	316.746322139547	322.095088681121
"Fzd9"	1379.41238821382	920.300467847805	941.915917681325	176.202194462862	1483.38608466866	1488.52169733905	152.523935508248	105.425328436817	134.606350109266	88.6112406953715	140.751103329842	1014.78737391226	2410.71860663841	1339.78277026429	2885.84074182407	2240.95467547877	1333.31589220898	1930.08884579854	23.36075648855	42.9904114553524	52.4354302839075	18.0324930540581	27.1722651245264	33.6565213662449	24.4640037272169	34.4218617191484	28.8878083496368	24.7189254104116
"Apbb1ip"	235.992869290286	138.705572905291	116.261588165687	97.9454914058061	191.224622003822	211.77459978533	3130.56973069334	298.828835886049	1357.32148673816	1729.93308539373	1170.27330789794	27.0609966376603	25.5779162508054	91.3488252452922	40.0811214142232	95.6000147080296	35.5963616027933	23.2260992274193	378.44425511451	709.341789013315	513.867216782293	534.963960603725	845.05744537277	516.340291204098	334.027743198538	559.729403607023	570.619179047532	506.363441740552
"Ltf"	4760.11863647204	3600.4737601765	5339.16564635471	4006.5438163861	4668.70067915321	4731.74722147083	58.073967076362	55.6823917800091	59.7162716848379	86.5973488613858	91.513084850498	27.0609966376603	63.9447906270134	30.4496084150974	8.01622428284465	59.4677256845223	31.7271918633593	43.355385224516	37.37721038168	26.8690071595953	20.974172113563	0	12.6803903914456	19.7013783607287	10.3501554230533	21.3265882390376	12.5746930463125	16.104754434056
"Glipr2"	424.29164163739	271.540010449512	319.226733607478	294.334924555361	356.306400139225	371.825449392675	70.8374763239141	75.3568368756124	71.4637349671011	79.5487274424358	70.6242285259278	101.478737391226	211.017809069144	40.5994778867966	232.470504202495	147.540180179321	131.551771140758	110.711072984032	28.03290778626	16.1214042957572	5.24354302839075	30.0541550900969	2.71722651245264	11.4924707104251	6.586462541943	11.9728214675299	0.339856568819257	11.9849335323208
"Large2"	93.5299823171474	65.3163808919096	44.337046334372	80.0012792398569	81.659669611463	47.0881310582588	159.224777863212	135.493819998022	152.227545032661	137.951590628022	152.190238936154	81.1829899129809	313.329474072366	10.1498694716991	80.1622428284465	151.303960285937	58.0375460915108	166.453711129838	23.36075648855	32.2428085915143	89.1402314826427	60.1083101801938	77.8938266903089	41.8654290165485	58.3372396572094	55.3742992873258	56.7560469928159	44.9435007462029
"Gnai2"	187.059964634295	170.996817391179	170.451311463252	136.575392596391	188.874703453851	200.551521916522	18.5070884089505	58.2809033964096	27.4107476586141	60.9202279780679	110.909880009028	20.2957474782452	44.7613534389094	71.049086301894	40.0811214142232	28.6047288102766	58.8113800393976	27.8713190729032	18.68860519084	5.37380143191905	5.24354302839075	6.01083101801938	3.62296868327018	20.5222691257591	14.1138483041636	0	0.339856568819257	22.0972212002164
"Thbs4"	851.680302556805	1007.63360634373	1349.81674395755	1556.16195505815	870.057343126451	693.391028329385	30.632422194125	42.318617752807	26.4317923850922	48.8368769741536	35.3121142629639	209.722723941867	255.779162508054	81.1989557735931	56.1135699799125	218.29924618369	85.1217342675492	149.421238363064	107.45947984733	139.718837229895	57.6789733122982	114.205789342368	206.5092149464	82.0890765030363	29.1686198286047	103.265585157445	117.590372811463	94.006822394141
"Cdh11"	234.754061577476	161.456222429439	69.9540064386758	205.112314063558	133.945357348299	157.123090163309	107.532565410626	104.311680601217	161.527620131119	271.875397588072	197.44942763939	0	0	0	8.01622428284465	33.874020959538	24.762686332378	30.1939289956451	32.70505908397	59.1118157511096	15.7306290851722	48.086648144155	16.3033590747158	62.3876981423075	23.5230805069393	32.1769576939866	40.7827882583108	34.0821547325372
"Hmmr"	68.7538280609494	85.8653546556564	59.1160617791627	69.5338221430532	89.5906447176123	59.7750886490849	85.5155119585991	108.395055998418	136.074783019549	250.226060372725	190.983829253213	27.0609966376603	51.1558325016107	30.4496084150974	56.1135699799125	54.9511895565839	25.5365202802648	63.4846712216128	0	0	0	0	0	0	0	0.374150670860309	0.339856568819257	0.374529172885024
"Lama3"	65.0374049225197	43.2996232878951	54.1897232975658	43.3651794010439	68.1476379491346	48.7959907339469	43.3959314416771	55.6823917800091	70.9742573303402	79.0452544839394	78.0845343561315	6.76524915941508	38.366874376208	0	32.0648971313786	8.28031623455374	16.250512905623	11.6130496137097	9.34430259542001	32.2428085915143	31.4612581703445	30.0541550900969	18.1148434163509	20.5222691257591	10.3501554230533	19.4558348847361	16.6529718721436	20.9736336815613
"Angptl2"	676.389011194205	596.654131068792	194.097736174917	935.342059150103	296.383477114986	330.104877315151	19.4643516025169	33.0382191228054	29.858135842419	26.6840668003107	24.8676861006788	27.0609966376603	44.7613534389094	60.8992168301948	48.0973456970679	73.7700900896606	22.4411844887175	47.2264017624193	0	16.1214042957572	15.7306290851722	18.0324930540581	9.963163878993	10.6715799453947	2.82276966083271	9.72791744236804	7.8167010828429	8.23964180347053
"Ccdc3"	13.0074809845039	0.733891920133816	5.91160617791627	6.97830473120247	5.58105655617913	6.09949884174336	108.808916335382	107.652624108018	146.353813391529	166.146076303822	179.047339924887	40.5914949564905	76.7337487524161	81.1989557735931	8.01622428284465	81.2976503028913	31.7271918633593	52.6458249154838	37.37721038168	5.37380143191905	15.7306290851722	12.0216620360388	11.7746482206281	16.4178153006072	5.64553932166543	11.9728214675299	14.9536890280473	0.374529172885024
"Mis12"	110.253886440081	146.044492106629	93.6004311503409	106.169921981866	123.370723873433	126.381616000922	34.4614749683907	39.3488901912065	29.858135842419	47.3264580986643	45.756542425249	0	12.7889581254027	0	8.01622428284465	5.26929214926147	3.86916973943406	3.09681323032257	0	10.7476028638381	5.24354302839075	0	0.905742170817545	0	0	0	1.35942627527703	1.12358751865507
"Arpc1b"	2221.18222906815	1832.52812457414	1623.72116353433	1191.54553285282	2229.19148446544	2265.59784977715	35.4187381619571	48.629288821208	65.5900033259695	55.3820254346072	69.6295210819007	67.6524915941508	76.7337487524161	20.2997389433983	32.0648971313786	41.4015811727687	27.0841881760384	44.9037918396773	9.34430259542001	10.7476028638381	20.974172113563	36.0649861081163	24.4550386120737	20.5222691257591	12.2320018636084	13.0952734801108	21.4109638356132	14.2321085696309
"Mast1"	444.112565042349	0.733891920133816	316.27093051852	0	630.071911210749	0	2428.89580980916	1936.63358610872	2852.67566704291	1881.47844590116	2408.18672198974	385.619202086659	1151.00623128624	537.943082000054	841.703549698688	853.625328180358	596.625973820731	770.332291042741	219.59111099237	370.792298802415	529.597845867466	210.379085630678	340.559056227397	324.251852186993	333.08681997826	325.511083648469	354.130544709666	312.731859358995
"Glis1"	14.2462886973138	13.9439464825425	22.6611570153457	19.1903380108068	13.8057714810747	15.8586969885327	16.9116497530065	21.1593088764035	18.6001501969167	21.6493372153464	18.8994414365159	20.2957474782452	12.7889581254027	20.2997389433983	16.0324485656893	11.291340319846	12.381343166189	10.838846306129	0	10.7476028638381	0	18.0324930540581	4.52871085408773	6.5671261202429	5.64553932166543	4.86395872118402	0.339856568819257	6.36699593904541
"Lrp1"	875.837052956598	1103.03955596112	821.713258730361	858.580707106875	1027.20814615571	920.780345149578	1532.57837289982	1155.96645335299	1366.62156183662	1403.17913532955	1430.38930451105	547.985181912621	677.814780646342	405.994778867966	1074.17405390118	558.544967821716	888.361372174059	1052.91649830968	378.44425511451	317.054284483224	477.162415583558	318.574043955027	280.780072953439	349.699465902934	228.64434252745	347.960123900088	346.993556764461	350.559305820382
"Parpbp"	32.8284043894623	41.0979475274937	50.2486525122883	39.1283515285281	39.6548755307464	40.7446522628457	37.9714400114675	62.7354947388103	50.9056742231405	78.0383085669465	65.1533375837785	6.76524915941508	19.183437188104	71.049086301894	40.0811214142232	44.412605258061	29.4056900196988	33.2907422259677	4.67215129771	10.7476028638381	47.1918872555167	18.0324930540581	8.15167953735791	13.9551430055162	11.2910786433309	17.9592322012948	9.85584049575844	12.3594627052058
"Crabp2"	313.418351340904	231.909846762286	411.8418970615	334.460176759775	290.508680740061	303.02310245781	148.694882733982	127.698285148821	248.16516183781	208.437804817522	259.121289169073	74.4177407535659	57.5503115643121	71.049086301894	40.0811214142232	79.7921382602452	55.7160442478504	77.4203307580644	84.09872335878	32.2428085915143	10.4870860567815	6.01083101801938	22.6435542704386	36.9400844263663	15.9956947447187	20.2041362264567	28.5479517808176	33.7076255596522
"Hbegf"	69.3732319173543	52.8402182496347	25.6169601043038	69.0353718051101	39.9486153494927	46.1122112435798	93.8117929695079	87.2357471220143	169.848739956055	65.4514846045358	84.0527790202944	27.0609966376603	44.7613534389094	101.498694716991	0	52.6929214926147	25.5365202802648	23.2260992274193	0	16.1214042957572	5.24354302839075	24.0433240720775	10.8689060498105	18.8804875956983	12.2320018636084	13.0952734801108	12.9145496151318	12.3594627052058
"Tmed1"	27.2537696818178	16.8795141630778	15.76428314111	33.3961726421832	14.9807307560598	14.6387972201841	7.97719327972006	11.5076943012019	15.6632843763509	17.1180805888786	18.8994414365159	13.5304983188302	12.7889581254027	10.1498694716991	16.0324485656893	12.0440963411691	2.32150184366043	5.41942315306451	0	5.37380143191905	5.24354302839075	0	2.71722651245264	3.28356306012145	2.82276966083271	2.61905469602216	0	2.62170421019517
"Tagln"	2786.07854610946	3233.52780010959	3874.07258192779	3196.06356689073	3153.8844338787	3290.55763514371	104.341688098738	74.2431890400122	132.158961925461	203.403075232557	118.370185839231	108.243986550641	102.311665003221	142.098172603788	32.0648971313786	112.91340319846	59.5852139872844	92.1301936020966	51.39366427481	32.2428085915143	5.24354302839075	18.0324930540581	23.5492964412562	45.1489920766699	19.759387625829	34.0477110482881	27.1885255055405	23.9698670646415
"Prrx1"	47.0746930867762	76.3247596939168	169.466043766933	95.7024648850624	86.065766892657	82.4652243403703	321.002257575935	331.495839063654	442.487783631914	412.344353008575	405.343283441065	263.844717217188	326.118432197768	50.7493473584957	208.421831353961	303.360676593196	182.624811701287	249.293465040967	88.7708746564901	123.597432934138	57.6789733122982	114.205789342368	66.1191784696808	102.611345628795	70.5692415208179	74.4559835012015	104.675823196331	88.0143556279806
"Fhl3"	289.881004797516	248.05546900523	229.567373242415	244.240665592086	252.028764484299	275.94132760047	23.2934043767826	39.3488901912065	34.2634345732677	43.8021473891893	41.2803589271268	0	63.9447906270134	10.1498694716991	16.0324485656893	24.8409487036612	16.250512905623	27.0971157653225	4.67215129771	16.1214042957572	10.4870860567815	12.0216620360388	11.7746482206281	9.85068918036435	9.40923220277572	8.97961610064742	13.5942627527703	6.36699593904541
"Ccnb3"	72.4702511993791	57.9774616905714	29.5580308895813	57.0725636944773	56.1043053805375	55.3834494830297	111.361618184892	81.2962919988134	122.858886827003	141.475901337497	142.740518217896	13.5304983188302	115.100623128624	121.79843366039	104.21091567698	93.3417466440604	83.5740663717756	102.969039908226	60.73796687023	48.3642128872715	36.7048011987352	24.0433240720775	32.6067181494316	41.0445382515181	36.6960055908253	37.4150670860309	44.1813539465034	34.0821547325372
"Evl"	216.171945885327	125.495518342882	181.289256122766	151.279677565711	173.600232879045	195.915902796797	19.4643516025169	25.6139002188042	36.2213451203115	32.7257423022679	21.8835637685974	20.2957474782452	25.5779162508054	40.5994778867966	8.01622428284465	53.4456775139378	11.6075092183022	18.5808793819354	4.67215129771	0	0	18.0324930540581	0	0.820890765030363	2.82276966083271	0.374150670860309	0.339856568819257	2.24717503731014
"Scx"	22.9179426869831	84.3975708153888	70.9392741349952	62.3062922428792	65.2102397616719	48.7959907339469	18.5070884089505	5.93945512320098	10.7685080087413	15.1041887548929	9.44972071825795	13.5304983188302	6.39447906270134	20.2997389433983	8.01622428284465	14.3023644051383	3.86916973943406	8.51623638338708	9.34430259542001	0	0	12.0216620360388	0.905742170817545	0	0.940923220277571	1.49660268344124	2.3789959817348	2.62170421019517
"Fjx1"	6.81344242045444	11.0083788020072	13.7937477484713	6.47985439325944	12.0433325685971	10.0031781004591	19.1452638713281	17.4471494244029	28.879180568897	30.7118504682822	33.3226993749096	20.2957474782452	12.7889581254027	30.4496084150974	16.0324485656893	19.5716565543998	21.6673505408307	14.7098628440322	23.36075648855	0	15.7306290851722	0	6.34019519572282	6.5671261202429	5.64553932166543	5.23810939204433	4.75799196346959	6.74152511193043
"Mdk"	4816.48438740489	4408.48876424383	6599.32302994719	6353.49723259088	4567.066701867	4489.96308738412	108.170740873004	96.8873616972159	167.890829409012	98.6806998653001	144.729933105951	47.3567441159055	19.183437188104	40.5994778867966	72.1460185456018	50.4346534286455	43.3347010816614	43.355385224516	14.01645389313	21.4952057276762	31.4612581703445	6.01083101801938	12.6803903914456	22.1640506558198	13.172925083886	14.9660268344124	15.9732587345051	19.1009878171362
"Fkbp11"	61.9403856404949	65.3163808919096	25.6169601043038	42.3682787251579	63.154061030448	55.3834494830297	2.55270184951042	3.34094350680055	1.95791054704387	3.02083775097857	4.97353722013576	0	0	0	0	5.26929214926147	5.41683763520768	6.19362646064515	0	0	0	6.01083101801938	0	0	0	0.748301341720618	0.679713137638513	0
"Gnpda1"	182.104733783055	151.9156274677	122.173194343603	104.425345799066	172.131533785314	183.96088506698	2.55270184951042	3.71215945200061	2.44738818380483	4.53125662646786	1.9894148880543	40.5914949564905	89.5227068778187	60.8992168301948	8.01622428284465	60.2204817058454	51.0730405605295	25.5487091501612	0	0	0	0	2.71722651245264	0.820890765030363	0	0	0.339856568819257	0.374529172885024
"Gria3"	11.768673271694	3.66945960066908	2.95580308895813	8.47365574503157	3.23113800620897	6.09949884174336	6.70084235496485	3.34094350680055	4.89477636760967	7.04862141895001	4.97353722013576	0	19.183437188104	30.4496084150974	0	7.52756021323067	3.09533579154724	5.41942315306451	0	0	0	0	3.62296868327018	3.28356306012145	0.940923220277571	0.374150670860309	0.339856568819257	0.374529172885024
"Ptgir"	12.388077128099	12.4761626422749	4.92633848159689	6.23062922428792	12.6308122060896	10.0031781004591	1523.00574096415	1621.84246457907	2775.82767807144	1239.55042381821	1785.00250830673	615.637673506772	690.603738771745	1390.53211762278	3222.52216170355	1342.16398601903	921.636231933192	826.849132496127	518.60879404581	252.568667300196	477.162415583558	420.758171261356	548.879755515432	630.444107543318	514.685001491832	454.218914424415	515.562414898812	402.993390024286
"Ctsk"	2066.33126496691	1649.78903646082	1417.80021500358	1412.10980739261	1874.64752323869	1911.82691695604	321.321345307124	277.669527009646	347.039644463525	333.802571483132	314.32755231258	263.844717217188	166.256455630235	162.397911547186	280.567849899563	235.61263467412	270.841881760384	204.38967320129	84.09872335878	75.2332200468668	78.6531454258612	120.216620360388	76.9880845194913	96.0442195085524	73.3920111816506	93.163517044217	99.9178312328615	65.5426052548792
"Cbfb"	610.73220241528	481.433099607783	282.771828843661	447.857628641816	450.303142138032	527.484659833966	57.1167038827956	63.1067106840104	25.9423147483312	94.6529161973287	71.618935969955	60.8872424347357	383.66874376208	30.4496084150974	32.0648971313786	121.946475454337	53.39454240419	74.3235175277418	18.68860519084	5.37380143191905	10.4870860567815	6.01083101801938	0	18.8804875956983	15.9956947447187	0	11.894979908674	0.374529172885024
"Itgbl1"	489.32904655991	283.282281171653	647.320876481831	615.336942190675	370.405911439046	383.292507215153	17.5498252153841	39.3488901912065	20.0685831071996	33.2292152607643	12.4338430503394	0	25.5779162508054	10.1498694716991	24.0486728485339	5.26929214926147	4.64300368732087	15.4840661516129	4.67215129771	0	5.24354302839075	0	3.62296868327018	5.74623535521254	1.88184644055514	0	2.71885255055405	4.11982090173526
"Mid1ip1"	20.4403272613633	37.4284879268246	37.4401724601364	29.408569938639	34.6612986120598	27.8137147183497	45.6295455599988	25.9851161640043	79.2953771552766	41.7882555552036	44.7618349812219	20.2957474782452	31.9723953135067	30.4496084150974	0	12.7968523624921	17.7981808013967	17.8066760743548	4.67215129771	0	20.974172113563	6.01083101801938	2.71722651245264	8.20890765030362	4.70461610138786	2.99320536688247	5.77756166992736	8.23964180347053
"Mthfd1l"	29.1119812510326	33.0251364060217	13.7937477484713	22.4302652074365	34.3675587933136	22.2021757839458	116.147934152724	111.735999505218	111.111423544739	118.316145246661	140.253749607828	40.5914949564905	38.366874376208	20.2997389433983	0	35.3795330021842	17.0243468535098	19.3550826895161	18.68860519084	37.6166100234334	47.1918872555167	18.0324930540581	22.6435542704386	34.4774121312752	27.2867733880496	30.6803550105453	26.8486689367213	24.3443962375266
"P2rx7"	109.015078727271	79.9942192945859	27.5874954969426	100.686968264493	66.9726786741495	62.7028480931218	38.6096154738451	34.1518669584056	28.879180568897	28.1944856758	29.343869598801	67.6524915941508	121.495102191325	81.1989557735931	64.1297942627572	96.3527707293526	63.4543837267185	84.3881605262902	0	0	26.2177151419537	0	7.24593736654036	11.4924707104251	6.586462541943	8.60546542978711	7.47684451402365	5.99246676616038
"Nectin1"	87.3359437530979	60.9130293711067	9.85267696319378	30.6546957834966	63.154061030448	74.9018457766085	2300.62254187127	2211.33338555676	2017.13734109194	2094.95098030364	2150.5574939867	54.1219932753206	51.1558325016107	10.1498694716991	0	37.6378010661534	23.9888523844911	29.4197256880645	8138.88756061082	6217.48825673035	6140.18888624557	6263.28592077619	8487.70988273122	5131.3881722048	7436.11620985365	6794.20203215235	6504.51487063175	7076.72872166253
"Ckb"	2352.495846626	2914.28481485138	4853.42867206926	3488.65391526329	3117.46069635416	2959.47683801388	24.8888430327266	27.0987639996045	23.4949265645264	20.6423912983536	27.3544547107467	47.3567441159055	0	10.1498694716991	0	22.582680639692	28.631856071812	24.000302535	23.36075648855	0	20.974172113563	0	7.24593736654036	8.20890765030362	8.46830898249814	7.48301341720618	11.2152667710355	6.36699593904541
"Lnx1"	30.3507889638425	35.960704086557	19.7053539263876	35.8884243318984	25.5553642309255	26.1058550426616	11.4871583227969	8.5379667396014	10.7685080087413	11.5798780454179	8.4550132742308	0	38.366874376208	10.1498694716991	8.01622428284465	15.8078764477844	16.250512905623	9.29043969096772	4.67215129771	10.7476028638381	10.4870860567815	6.01083101801938	3.62296868327018	4.10445382515181	3.76369288111029	2.99320536688247	5.09784853228885	2.99623338308019
"Cnih2"	16.7239041229336	30.8234606456203	16.7495508374294	29.6577951076105	19.0930882185075	16.8346168032117	1055.22312704137	1590.28910923706	885.465044900589	1331.68597522305	1353.79683132095	148.835481507132	172.650934692936	50.7493473584957	232.470504202495	232.601610588828	118.396594026682	162.582694591935	481.23158366413	521.258738896148	566.302647066201	504.909805513628	254.51354999973	774.099991423632	318.972971674097	512.586419078624	513.523275485897	503.741737530357
"Postn"	1739.9054326415	1516.9545989166	462.090549573788	1676.03926133345	1163.20968223523	1119.13604748307	347.486539264606	425.78468914447	608.910180130642	489.375715658529	392.412086668712	372.088703767829	1112.63935691003	385.695039924567	609.233045496193	751.250509280421	415.548830015218	668.137454442096	4.67215129771	48.3642128872715	115.357946624596	114.205789342368	19.926327757986	100.969564098735	15.0547715244411	34.7960123900087	94.1402695629341	34.4566839054222
"Loxl2"	589.672471297512	476.295856166846	749.788716899047	660.197472605548	535.781429393196	566.521452421123	561.594406892292	675.984236209311	1195.30438897028	1357.36309610637	1223.98750987541	135.304983188302	76.7337487524161	40.5994778867966	112.227139959825	132.48505975286	102.146081121059	126.969342443226	93.4430259542001	118.223631502219	199.254635078848	144.259944432465	119.557966547916	183.058640601771	116.674479314419	144.048008281219	138.661480078257	131.085210509758
"Txn1"	3093.30285888632	1611.62665661386	1632.58857280121	1777.22467993589	2333.17538030162	2388.07578651936	192.409901906848	226.812942517237	208.517473260172	295.035153678907	270.063071053372	3402.92032718578	9374.30630592016	1826.97650490584	4288.67999132189	4725.80230186622	2973.84386172901	3295.00927706322	74.75442076336	37.6166100234334	78.6531454258612	36.0649861081163	40.7583976867895	34.4774121312752	35.7550823705477	47.1429845283989	45.5407802217804	46.441617437743
"Fkbp10"	175.291291362601	163.657898189841	132.025871306797	188.414227742467	136.295275898269	154.195330719272	2435.59665216413	3177.60849091252	3801.77280472243	7025.96513581767	5846.39300226959	270.609966376603	447.613534389094	91.3488252452922	120.24336424267	237.870902738089	71.1927232055866	235.357805504516	387.78855770993	902.798640562401	450.944700441604	1093.97124527953	959.18095889578	818.428092735271	1010.55153857811	767.757176605354	799.682506431711	736.698883064842
"Lum"	374.739333124994	287.685632692456	502.486525122883	656.459095070975	243.510309740658	233.488815661936	185.709059551883	318.503280981652	186.980457242689	565.903605349986	698.781979429075	33.8262457970754	12.7889581254027	20.2997389433983	8.01622428284465	13.5496083838152	17.7981808013967	6.96782976822579	51.39366427481	5.37380143191905	36.7048011987352	24.0433240720775	56.1560145906878	50.0743366668521	23.5230805069393	37.4150670860309	37.044366001299	34.4566839054222
"Avpr1a"	8.67165398966929	19.815081843613	10.8379446595132	11.2151326037183	13.8057714810747	12.4429776371565	5.10540369902084	7.42431890400122	4.89477636760967	10.0694591699286	3.97882977610861	115.009235710056	51.1558325016107	30.4496084150974	88.1784671112911	78.286626217599	62.6805497788317	57.2910447609676	46.7215129771	80.6070214787858	41.948344227126	24.0433240720775	38.0411711743369	24.6267229509109	103.501554230533	51.6327925787227	56.4161904239966	39.7000923258125
"Snai1"	68.1344242045444	77.7925435341844	116.261588165687	105.422246474952	69.6163370428659	74.1699059155993	87.7491260769207	97.258577642416	70.9742573303402	105.225848325754	95.9892683486202	20.2957474782452	0	0	0	2.2582680639692	0	21.677692612258	14.01645389313	53.7380143191905	15.7306290851722	42.0758171261356	28.0780072953439	36.1191936613359	19.759387625829	22.0748895807582	28.8878083496368	29.2132754850319
"Pkp3"	11.768673271694	52.8402182496347	18.7200862300682	26.4178679109808	28.4927624183882	29.7655543477076	1.59543865594401	1.85607972600031	2.44738818380483	3.524310709475	0.497353722013576	20.2957474782452	115.100623128624	81.1989557735931	112.227139959825	69.2535539617222	51.8468745084163	70.4525009898386	0	0	0	6.01083101801938	0	0	0	0.374150670860309	0	0
"Ccnb1"	217.410753598137	259.063847807237	239.420050205609	250.969745154317	214.136327866031	249.103532696799	72.752002711047	114.705727066819	110.132468271217	153.055779382914	125.333137947421	0	0	30.4496084150974	8.01622428284465	9.03307225587681	4.64300368732087	6.96782976822579	4.67215129771	16.1214042957572	52.4354302839075	24.0433240720775	26.2665229537088	27.089395246002	19.759387625829	16.0884788469933	23.1102466797095	21.3481628544464
"Rtn4rl2"	358.015429002061	474.094180406445	1220.74667573971	587.672948434837	659.445893085376	612.877643618373	67.9656867432149	57.5384715060095	54.3320176804673	76.0244167329608	58.1903854755884	216.487973101282	185.439892818339	121.79843366039	424.859886990766	210.018929949136	143.933114306947	147.098628440322	14.01645389313	0	0	36.0649861081163	21.7378120996211	7.38801688527326	3.76369288111029	5.61226006290464	9.17612735811993	15.355696088286
"Car10"	113.350905722106	80.7281112147197	112.320517380409	97.9454914058061	111.327391304836	97.3480015142241	11.8062460539857	13.3637740272022	9.78955273521933	20.1389183398572	16.9100265484616	74.4177407535659	25.5779162508054	60.8992168301948	32.0648971313786	40.6488251514456	27.8580221239252	42.5811819169354	0	0	0	0	0.905742170817545	1.64178153006073	1.88184644055514	0.374150670860309	1.69928284409628	0.374529172885024
"Rap1gap"	54.5075393636355	57.9774616905714	37.4401724601364	14.455059800348	62.5665813929555	70.5102066105533	223.042324100973	188.948916106831	199.706875798474	208.437804817522	260.613350335114	67.6524915941508	95.9171859405201	101.498694716991	136.275812808359	73.7700900896606	44.882368977435	49.5490116851612	102.78732854962	10.7476028638381	83.896688454252	72.1299722162325	67.0249206404984	131.342522404858	72.451087961373	83.0614489309886	60.4944692498277	76.7784804414299
"Rpe65"	16.1045002665287	8.07281112147197	22.6611570153457	23.4271658833226	10.5746334748657	12.1989976834867	51.3731247213972	59.0233352868097	52.8635847701844	80.5556733594287	62.169215251697	33.8262457970754	51.1558325016107	30.4496084150974	32.0648971313786	15.8078764477844	41.7870331858878	27.8713190729032	9.34430259542001	21.4952057276762	26.2177151419537	12.0216620360388	25.3607807828913	14.7760337705465	12.2320018636084	13.8435748218314	12.9145496151318	17.9774002984811
"Ier5l"	227.321215300616	168.061249710644	147.790154447907	143.802922496565	191.812101641314	214.946339183036	90.3018279264311	69.0461658072114	122.369409190242	90.6251325293572	82.5607178542537	33.8262457970754	172.650934692936	172.547781018885	32.0648971313786	54.9511895565839	74.2880589971339	69.6782976822579	4.67215129771	10.7476028638381	26.2177151419537	66.1191411982132	29.889491636979	48.4325551367914	21.6412340663841	25.8163962893613	26.508812367902	21.7226920273314
"Mastl"	113.970309578511	63.1147051315081	66.0129356533983	109.908299516439	72.5537352303286	71.2421464715625	4.78631596783204	5.56823917800091	3.91582109408773	0.503472958496429	0	40.5914949564905	25.5779162508054	40.5994778867966	32.0648971313786	40.6488251514456	28.631856071812	38.7101653790322	4.67215129771	16.1214042957572	15.7306290851722	6.01083101801938	8.15167953735791	14.7760337705465	0.940923220277571	8.97961610064742	10.1956970645777	7.49058345770048
"Ankrd37"	97.2464054555771	49.9046505690995	37.4401724601364	58.3186895393349	62.2728415742092	76.6097054522966	85.1964242274103	67.9325179716112	85.6585864331691	54.3750795176143	83.0580715762672	108.243986550641	159.861976567533	91.3488252452922	104.21091567698	140.012619966091	88.9909040069833	113.807886214355	18.68860519084	0	36.7048011987352	36.0649861081163	34.4182024910667	44.3281013116396	30.1095430488823	31.8028070231263	24.1298163861672	29.5878046579169
"Serpine3"	72.4702511993791	147.512275946897	161.583902196378	118.631180430442	126.895601698389	117.354357715142	25.5270184951042	31.5533553420052	15.6632843763509	28.1944856758	20.8888563245702	6.76524915941508	76.7337487524161	10.1498694716991	64.1297942627572	36.8850450448303	31.7271918633593	41.0327753017741	116.80378244275	128.971234366057	94.3837745110335	60.1083101801938	86.0455062276668	83.730858033097	83.7421666047039	95.7825717402391	95.8395524070304	84.2690638991304
"St6galnac5"	211.216715034088	236.313198283089	155.672296018462	276.889162727355	169.194135597851	174.20168692019	159.543865594401	200.085394462833	175.722471597187	182.760683934204	179.544693646901	33.8262457970754	76.7337487524161	10.1498694716991	24.0486728485339	37.6378010661534	41.013199238001	37.1617587638709	88.7708746564901	53.7380143191905	41.948344227126	42.0758171261356	42.5698820284246	75.5219503827933	41.4006216922131	53.5035459330242	51.658198460527	55.0557884140985
"Mex3b"	125.738982850205	120.358274901946	107.394178898812	151.030452396739	95.1717012737914	111.498838827069	41.4814050545443	46.4019931500076	62.1636598686428	54.3750795176143	62.169215251697	6.76524915941508	185.439892818339	0	104.21091567698	66.2425298764299	53.39454240419	58.0652480685483	18.68860519084	5.37380143191905	5.24354302839075	0	12.6803903914456	11.4924707104251	20.7003108461066	16.0884788469933	8.83627078930068	12.3594627052058
"Ddr2"	234.134657721071	0	0.985267696319378	217.075122174191	227.060879890867	0.243979953669734	53.28765110853	54.939959889609	49.9267189496186	46.3195121816715	46.7512498692762	67.6524915941508	76.7337487524161	71.049086301894	16.0324485656893	64.7370178337838	48.7515387168691	52.6458249154838	9.34430259542001	48.3642128872715	15.7306290851722	12.0216620360388	9.963163878993	22.1640506558198	6.586462541943	16.0884788469933	15.9732587345051	16.4792836069411
"Prdx1"	84.2389244710731	49.9046505690995	32.5138339785395	33.1469474732117	67.2664184928958	71.7301063789019	58.073967076362	41.9474018076069	79.2953771552766	55.3820254346072	60.6771540856563	514.158936115546	914.410505966292	365.395300981169	761.541306870242	723.398536491468	677.10470440096	779.622730733708	0	5.37380143191905	5.24354302839075	0	16.3033590747158	27.089395246002	13.172925083886	15.714328176133	14.2739758904088	14.6066377425159
"Gpr161"	5.57463470764454	3.66945960066908	1.97053539263876	2.24302652074365	4.99357691868659	3.41571935137628	54.883089764474	58.2809033964096	69.0163467832963	90.1216595708608	66.6453987498192	20.2957474782452	6.39447906270134	0	8.01622428284465	3.01102408529227	3.09533579154724	4.64521984548386	14.01645389313	21.4952057276762	31.4612581703445	48.086648144155	25.3607807828913	32.0147398361841	15.9956947447187	25.0680949476407	25.8290992302635	22.4717503731014
"Cdcp1"	30.9701928202475	39.630163687226	38.4254401564557	14.7042849693195	44.648452449433	44.8923114752311	860.260523285011	785.121724098129	767.990412077957	802.032422884811	764.432670734867	0	6.39447906270134	10.1498694716991	0	9.78582827719988	7.73833947886811	23.2260992274193	210.24680839695	241.821064436357	183.524005993676	198.357423594639	173.902496796969	247.088120274139	130.788327618582	203.537964948008	213.090068649674	193.257053208672
"Uaca"	111.492694152891	54.3080020899024	27.5874954969426	74.5183255224835	72.8474750490749	62.458868139452	265.480992349084	352.283931994858	196.280532341148	281.944856758	258.62393544706	1603.36405078137	1745.69278411747	984.537338754816	681.379064041795	1884.14832137164	899.195047444474	1156.65974152548	981.151772519101	924.293846290077	655.442878548844	516.931467549667	1092.32505800596	875.890446287397	722.629033173175	788.709614173532	752.102586797015	864.78786019152
"Colec12"	1197.30765443077	1157.34755805103	467.016888055385	1152.41718132429	870.93856258269	940.786701350496	10.2108073980417	5.93945512320098	11.7474632822632	8.55904029443929	7.46030583020364	60.8872424347357	249.384683445352	142.098172603788	344.69764416232	242.387438866028	215.89967146042	229.938382351451	0	0	0	0	1.81148434163509	0.820890765030363	2.82276966083271	0.374150670860309	0.339856568819257	0.374529172885024
"Map3k7cl"	0.619403856404949	8.07281112147197	0.985267696319378	6.23062922428792	9.39967419988063	5.36755898073416	8.61536874209767	5.19702323280085	5.38425400437063	10.0694591699286	8.4550132742308	47.3567441159055	127.889581254027	30.4496084150974	64.1297942627572	66.995285897753	37.1440294985669	66.5814844519354	4.67215129771	0	0	0	0	0.820890765030363	0.940923220277571	0	0	2.99623338308019
"Chrm4"	6.19403856404949	10.2744868818734	0.985267696319378	6.47985439325944	5.58105655617913	7.8073585174315	315.896853876914	196.002019065632	263.3389685774	240.156601202797	263.100118945182	290.905713854848	466.796971577198	436.444387283063	408.827438425077	315.404772934365	376.08329867299	435.102258860322	84.09872335878	42.9904114553524	99.6273175394242	60.1083101801938	44.3813663700597	85.3726395631577	40.4596984719356	67.3471207548556	63.2133218003817	65.9171344277642
"Rspo3"	334.478082458673	326.581904459548	258.140136435677	325.737295845772	308.72054950233	297.655543477076	56.478528420418	85.379667396014	93.4902286213446	120.833510039143	102.95222045681	27.0609966376603	38.366874376208	30.4496084150974	32.0648971313786	36.8850450448303	20.1196826450571	11.6130496137097	9.34430259542001	42.9904114553524	20.974172113563	18.0324930540581	22.6435542704386	23.8058321858805	26.345850167772	12.3469721383902	24.1298163861672	23.9698670646415
"Cdca3"	841.769840854326	689.858404925787	973.444483963545	1057.71161711512	696.163370428659	739.259259619295	318.768643457614	309.222882351651	320.607852078433	440.538838684375	448.613057256246	399.14970040549	108.706144065923	365.395300981169	160.324485656893	143.776400072706	158.635959316796	178.840964051129	107.45947984733	150.466440093734	188.767549022067	162.292437486523	168.468043772063	143.655883880313	191.948336936625	151.905172369286	153.955025675123	161.422073513445
"Dkk3"	434.20210333987	565.096778503038	490.66331276705	596.146604179868	461.171515431644	428.916758551393	63.8175462377605	44.9171293692074	60.6952269583599	77.0313626499536	97.9786832366745	27.0609966376603	6.39447906270134	30.4496084150974	32.0648971313786	27.0992167676304	23.2150184366043	23.2260992274193	9.34430259542001	0	15.7306290851722	0	8.15167953735791	0	12.2320018636084	7.10886274634587	4.07827882583108	5.61793759327536
"Mllt11"	13.6268848409089	23.4845414442821	25.6169601043038	32.3992719662972	14.6869909373135	14.1508373128446	245.697553015378	238.320636818439	279.491730590512	249.722587414229	320.793150698757	74.4177407535659	6.39447906270134	0	0	37.6378010661534	34.8225276549065	17.0324727667742	42.04936167939	91.3546243426239	68.1660593690797	48.086648144155	92.3857014233896	95.223328743522	108.206170331921	77.8233395389443	69.6705966079476	77.1530096143149
"Tgfbi"	165.380829660121	276.677253890448	243.361120990886	146.29517418628	265.834535965374	250.811392372487	74.9856168293686	89.8342587384148	190.896278336777	101.701537616279	113.894002341109	13.5304983188302	38.366874376208	10.1498694716991	32.0648971313786	14.3023644051383	12.381343166189	19.3550826895161	4.67215129771	5.37380143191905	26.2177151419537	24.0433240720775	7.24593736654036	4.10445382515181	10.3501554230533	6.73471207548556	10.8754102022162	10.1122876678956
"Slco5a1"	31.5895966766524	24.2184333644159	22.6611570153457	31.1531461214396	26.142843868418	24.3979953669734	31.2705976565026	28.5836277804047	30.3476134791799	29.2014315927929	32.3279919308825	6.76524915941508	12.7889581254027	40.5994778867966	0	18.0661445117536	26.3103542281516	7.74203307580644	4.67215129771	0	5.24354302839075	6.01083101801938	4.52871085408773	14.7760337705465	12.2320018636084	8.2313147589268	13.9341193215895	7.11605428481545
"Glod5"	86.7165398966929	79.2603273744521	96.556234239299	62.0570670739077	106.040074567403	88.8087031357833	15.6352988282513	17.0759334792028	22.0264936542435	20.1389183398572	25.3650398226924	6.76524915941508	31.9723953135067	10.1498694716991	48.0973456970679	18.0661445117536	11.6075092183022	17.0324727667742	0	5.37380143191905	10.4870860567815	12.0216620360388	8.15167953735791	4.92534459018218	11.2910786433309	3.74150670860309	6.45727480756588	7.8651126305855
"Inka2"	32.8284043894623	15.4117303228101	15.76428314111	37.3837753457275	13.8057714810747	19.0304363862393	7.97719327972006	3.71215945200061	11.2579856455022	4.53125662646786	5.96824466416291	101.478737391226	63.9447906270134	91.3488252452922	80.1622428284465	97.8582827719988	140.8377785154	76.6461274504837	4.67215129771	0	0	0	0	0.820890765030363	0.940923220277571	0.374150670860309	0.339856568819257	1.12358751865507
"Pex5l"	5.57463470764454	6.60502728120434	2.95580308895813	7.72598023811702	2.05617873122389	4.63561911972496	5.10540369902084	10.0228305204016	3.91582109408773	7.04862141895001	5.47089094214934	67.6524915941508	38.366874376208	101.498694716991	16.0324485656893	43.6598492367379	33.2748597591329	57.2910447609676	107.45947984733	48.3642128872715	0	36.0649861081163	39.852655515972	30.3729583061234	39.518775251658	46.3946831866783	31.2668043313716	42.6963257088927
"Amer2"	11.1492694152891	17.6134060832116	10.8379446595132	14.7042849693195	14.0995112998209	10.9790979151381	18.5070884089505	33.0382191228054	30.8370911159409	41.2847825967072	30.8359307648417	40.5914949564905	31.9723953135067	20.2997389433983	32.0648971313786	35.3795330021842	13.1551771140758	41.8069786093548	4.67215129771	5.37380143191905	0	0	6.34019519572282	6.5671261202429	6.586462541943	5.61226006290464	0.339856568819257	0.374529172885024
"Birc5"	249.619754131195	149.713951707298	141.87854826999	237.262360860884	153.038445566807	174.44566687386	82.324634646711	93.1752022452153	83.7006758861253	87.1008218198822	92.5077922945252	0	25.5779162508054	40.5994778867966	16.0324485656893	13.5496083838152	13.1551771140758	16.2582694591935	541.96955053436	193.456851549086	157.306290851722	258.465733774833	185.677145017597	237.237431093775	200.416645919123	280.987153816092	261.689557990828	235.204320571795
"Pcdh12"	145.559906255163	124.027734502615	29.5580308895813	94.4563390402049	97.8153596425078	124.429776371565	147.737619540416	122.50126191602	192.36471124706	120.833510039143	167.110850596562	6.76524915941508	44.7613534389094	0	32.0648971313786	27.0992167676304	11.6075092183022	14.7098628440322	23.36075648855	10.7476028638381	41.948344227126	6.01083101801938	14.4918747330807	31.1938490711538	15.0547715244411	19.8299855555964	20.0515375603361	16.8538127798261
"Wdfy4"	198.828637905989	141.641140585826	89.6593603650634	66.7923452843665	192.10584146006	178.837306039915	57.1167038827956	56.4248236704093	75.8690336979498	81.5626192764215	65.6506913057921	54.1219932753206	89.5227068778187	40.5994778867966	40.0811214142232	67.7480419190761	37.9178634464537	35.6133521487096	9.34430259542001	10.7476028638381	26.2177151419537	18.0324930540581	15.3976169038983	12.3133614754554	3.76369288111029	0.374150670860309	13.5942627527703	10.8613460136657
"Bub1"	361.112448284085	249.523252845497	308.388788947965	288.851970837988	292.271119652538	344.743674535335	29.9942467317474	20.4168769860034	34.7529122100286	20.1389183398572	23.8729786566517	115.009235710056	51.1558325016107	223.297128377381	96.1946913941358	38.3905570874764	211.256667773099	65.0330778367741	14.01645389313	0	5.24354302839075	0	8.15167953735791	6.5671261202429	3.76369288111029	5.23810939204433	3.73842225701182	5.99246676616038
"Dnase2b"	32.8284043894623	24.2184333644159	13.7937477484713	14.455059800348	31.4301606058509	27.0817748573405	66.6893358184597	48.629288821208	41.1161214879212	84.5834570274001	90.0210236844573	27.0609966376603	19.183437188104	30.4496084150974	24.0486728485339	23.3354366610151	35.5963616027933	38.7101653790322	0	10.7476028638381	15.7306290851722	6.01083101801938	5.43445302490527	5.74623535521254	2.82276966083271	8.60546542978711	1.69928284409628	2.62170421019517
"Cd93"	110.253886440081	68.2519485724448	57.1455263865239	106.668372319809	68.4413777678809	71.4861264252322	32.5469485812579	56.0536077252092	58.247838774555	65.4514846045358	68.6348136378735	27.0609966376603	6.39447906270134	10.1498694716991	0	6.02204817058454	13.1551771140758	9.29043969096772	9.34430259542001	16.1214042957572	36.7048011987352	24.0433240720775	14.4918747330807	25.4476137159412	16.9366179649963	10.1020681132283	18.6921112850591	25.0934545832966
"Alpk2"	14.8656925537188	16.8795141630778	9.85267696319378	16.1996359831486	10.5746334748657	13.9068573591749	336.318468672998	453.254669089275	469.409053653767	300.573356222368	315.322259756607	54.1219932753206	31.9723953135067	10.1498694716991	0	18.8189005330767	17.0243468535098	24.7745058425806	37.37721038168	53.7380143191905	10.4870860567815	78.1408032342519	8.15167953735791	13.1342522404858	96.9150916885899	44.5239298323768	47.9197762035152	30.711392176572
"Cthrc1"	229.798830726236	157.052870908637	99.5120373282572	175.454518955948	157.444542848001	174.9336267812	25.5270184951042	20.4168769860034	21.0475383807216	17.621553547375	17.4073802704752	27.0609966376603	6.39447906270134	10.1498694716991	8.01622428284465	4.51653612793841	2.32150184366043	5.41942315306451	121.47593374046	134.345035797976	47.1918872555167	60.1083101801938	92.3857014233896	48.4325551367914	67.7464718599851	89.7961610064742	81.9054330854409	72.6586595396946
"Fibp"	26.0149619690079	34.4929202462893	22.6611570153457	27.4147685868668	29.373981874627	26.8377949036708	6.38175462377605	2.96972756160049	1.95791054704387	5.03472958496429	3.97882977610861	162.365979825962	63.9447906270134	142.098172603788	64.1297942627572	64.7370178337838	98.276911381625	69.6782976822579	0	0	0	0	3.62296868327018	2.46267229509109	0	2.61905469602216	1.01956970645777	0.374529172885024
"Sh3d19"	7.43284627685939	8.80670304160579	0.985267696319378	9.22133125194612	5.28731673743286	7.56337856376177	28.3988080758034	26.7275480544044	34.2634345732677	21.14586425685	32.3279919308825	6.76524915941508	703.392696897147	10.1498694716991	8.01622428284465	14.3023644051383	8.51217342675492	151.743848285806	18.68860519084	5.37380143191905	10.4870860567815	6.01083101801938	9.963163878993	8.20890765030362	4.70461610138786	9.72791744236804	0	0.374529172885024
"Lrrn4cl"	82.3807129018583	76.3247596939168	61.0865971718014	61.0601663980216	83.7158483426869	79.5374648963334	5.10540369902084	5.56823917800091	14.194851466068	3.02083775097857	7.95765955221722	297.670963014263	377.274264699379	223.297128377381	224.45427991965	290.563824230704	225.185678835062	281.810003959354	0	5.37380143191905	0	6.01083101801938	0	2.46267229509109	0.940923220277571	0	0.339856568819257	0
"Trerf1"	68.7538280609494	40.3640556073599	14.7790154447907	28.4116692627529	44.3547126306867	52.6996699926626	191.452638713281	156.653128874426	255.996804025986	136.944644711029	179.047339924887	324.731959651924	306.934995009664	405.994778867966	200.405607071116	283.789020038796	174.886472222419	153.292254900967	9.34430259542001	64.4856171830287	15.7306290851722	48.086648144155	49.815819394965	36.9400844263663	38.5778520313804	37.0409164151706	40.1030751206723	24.3443962375266
"AA467197"	170.955464367766	150.447843627432	163.554437589017	114.892802895869	199.155597109971	165.41840858808	359.61187304978	477.754921472478	361.234495929593	677.674602136194	602.792711080454	6.76524915941508	6.39447906270134	30.4496084150974	8.01622428284465	14.3023644051383	7.73833947886811	11.6130496137097	79.42657206107	102.102227206462	110.114403596206	108.194958324349	139.484294305902	119.029160929403	63.0418557585973	85.3063529561505	111.812811141535	106.740814272232
"Edil3"	361.73185214049	366.945960066908	129.070068217838	400.504846537227	249.678845934329	255.934971399551	208.683376197477	206.024849586034	128.243140831373	169.670387013297	135.280212387693	6.76524915941508	0	10.1498694716991	8.01622428284465	12.7968523624921	17.7981808013967	6.19362646064515	51.39366427481	80.6070214787858	62.922516340689	54.0974791621744	103.2546074732	110.820253279099	51.7507771152664	68.4695727674366	75.1083017090557	65.9171344277642
"Oip5"	8.05225013326434	14.6778384026763	10.8379446595132	8.47365574503157	14.6869909373135	10.2471580541288	3.82905277426563	6.6818870136011	6.36320927789257	6.54514846045358	5.96824466416291	0	25.5779162508054	0	0	6.77480419190761	9.28600737464173	9.29043969096772	0	5.37380143191905	0	6.01083101801938	0.905742170817545	3.28356306012145	3.76369288111029	3.36735603774278	2.03913941291554	1.87264586442512
"Tmem238"	4.9552308512396	11.742270722141	3.94107078527751	11.7135829416613	4.40609728119405	4.63561911972496	10.5298951292305	10.7652624108018	9.78955273521933	9.06251325293572	12.931196772353	47.3567441159055	38.366874376208	30.4496084150974	32.0648971313786	48.9291413859994	62.6805497788317	49.5490116851612	0	0	0	0	5.43445302490527	0	1.88184644055514	1.87075335430155	2.03913941291554	2.24717503731014
"Mbl1"	0	0.733891920133816	0	1.4953510138291	0.58747963749254	1.21989976834867	53.28765110853	49.7429366568082	36.7108227570725	41.7882555552036	43.7671275371947	588.576676869112	428.43009720099	1349.93263973599	945.914465375669	700.815855851776	507.635069813748	579.104074070322	18.68860519084	32.2428085915143	26.2177151419537	48.086648144155	18.1148434163509	18.8804875956983	14.1138483041636	17.9592322012948	21.4109638356132	28.4642171392618
"Bcl2l13"	32.2090005330574	77.0586516140506	103.453108113535	32.8977223042402	79.3097510614928	85.8809436917465	900.4655774148	1059.07909165577	1526.19127142069	1328.16166451358	1165.79712439982	47.3567441159055	51.1558325016107	20.2997389433983	32.0648971313786	34.6267769808611	30.9533579154724	24.7745058425806	56.06581557252	446.025518849282	120.601489652987	318.574043955027	316.104017615323	380.072424209058	191.948336936625	246.191141426083	275.623677312417	218.350507791969
"Nrp2"	60.701577927685	49.1707586489656	40.3959755490945	65.2969942705374	44.0609728119405	44.1603716142219	46.905896484754	59.7657671772098	47.4793307658138	57.8993902270893	82.5607178542537	108.243986550641	127.889581254027	172.547781018885	80.1622428284465	124.957499539629	85.895568215436	141.679205287258	9.34430259542001	5.37380143191905	5.24354302839075	24.0433240720775	14.4918747330807	12.3133614754554	7.52738576222057	9.35376677150773	10.8754102022162	9.3632293221256
"Gm13889"	524.635066374992	813.152247508268	1138.9694569452	601.629557897242	838.039702883108	886.623151635815	152.204847777059	167.047175340027	209.985906170455	262.30941137664	218.33828396396	115.009235710056	306.934995009664	91.3488252452922	192.389382788272	104.633086963906	81.2525645281152	85.1623638338708	23.36075648855	32.2428085915143	62.922516340689	90.1624652702907	57.9674989323229	47.611664371761	37.6369288111029	53.5035459330242	47.2400630658767	40.8236798444676
"Mamdc2"	38.4030390971069	44.0335152080289	59.1160617791627	76.0136765363126	30.8426809683583	29.7655543477076	190.495375519715	203.797553914833	318.160463894628	225.052412447904	367.047046846019	6.76524915941508	51.1558325016107	10.1498694716991	0	5.26929214926147	0.773833947886811	20.1292859970967	37.37721038168	32.2428085915143	20.974172113563	60.1083101801938	63.4019519572282	89.4770933883095	67.7464718599851	46.020532515818	60.4944692498277	47.190675783513
"Incenp"	391.463237247928	291.355092293125	121.187926647283	236.514685353969	326.344938627106	286.676445561938	12.7635092475521	5.93945512320098	14.684329102829	2.51736479248215	6.46559838617649	115.009235710056	204.623330006443	40.5994778867966	96.1946913941358	124.204743518306	112.205922443588	83.6139572187095	0	0	10.4870860567815	6.01083101801938	0.905742170817545	0.820890765030363	2.82276966083271	0.374150670860309	0	0
"Ier3"	330.142255463838	338.324175181689	466.031620359066	269.910857996153	369.818431801554	451.850874196348	120.934250120556	127.698285148821	120.411498643198	130.902969209072	126.825199113462	6.76524915941508	0	10.1498694716991	8.01622428284465	7.52756021323067	6.9645055309813	6.19362646064515	46.7215129771	59.1118157511096	41.948344227126	30.0541550900969	56.1560145906878	54.1787904920039	23.5230805069393	47.1429845283989	36.7045094324797	38.9510339800425
"Cfi"	15.4850964101237	7.33891920133816	9.85267696319378	8.9721060829746	17.9181289435225	6.58745874908283	8.29628101090886	4.45459134240073	5.8737316411316	7.55209437744644	7.46030583020364	54.1219932753206	31.9723953135067	40.5994778867966	32.0648971313786	51.9401654712917	29.4056900196988	45.677995147258	0	0	0	0	1.81148434163509	2.46267229509109	0.940923220277571	0.374150670860309	1.69928284409628	0
"Agxt2"	10.5298655588841	4.40335152080289	2.95580308895813	6.72907956223095	5.58105655617913	6.58745874908283	49.1395106030756	76.4704847112126	79.7848547920375	106.232794242747	86.5395476303623	108.243986550641	89.5227068778187	10.1498694716991	32.0648971313786	57.9622136418762	52.6207084563031	51.0974183003225	14.01645389313	21.4952057276762	26.2177151419537	12.0216620360388	10.8689060498105	13.1342522404858	15.0547715244411	12.7211228092505	14.2739758904088	13.8575793967459
"Cdc20"	399.515487381192	242.184333644159	298.536111984772	368.604024908873	302.552013308658	292.044004542672	75.6237922917462	89.0918268480146	94.4691838948665	103.211956491768	95.9892683486202	67.6524915941508	89.5227068778187	71.049086301894	40.0811214142232	81.2976503028913	112.979756391474	74.3235175277418	4.67215129771	21.4952057276762	5.24354302839075	66.1191411982132	25.3607807828913	19.7013783607287	29.1686198286047	20.578286897317	22.4305335420709	22.8462795459865
"1110051M20Rik"	84.8583283274781	89.5348142563255	104.438375809854	110.905200192325	82.2471492489555	82.2212443867005	38.2905277426563	29.6972756160049	15.17380673959	23.1597560908357	17.4073802704752	6.76524915941508	19.183437188104	20.2997389433983	8.01622428284465	5.26929214926147	1.54766789577362	8.51623638338708	359.75564992367	204.204454412924	136.332118738159	138.249113414446	163.939332917976	142.834993115283	152.429561684967	212.517581048656	191.679104814061	166.290952760951
"Adra2b"	112.112098009296	79.2603273744521	21.6758893190263	83.9888819434012	69.3225972241197	75.1458257302782	1.27635092475521	1.85607972600031	2.9368658205658	3.02083775097857	2.98412233208146	33.8262457970754	70.3392696897147	0	8.01622428284465	25.5937047249843	20.8935165929439	22.4518959198387	4.67215129771	0	5.24354302839075	6.01083101801938	0	0.820890765030363	1.88184644055514	0	0	0
"Lama1"	16933.8820302549	5110.82333181189	5606.17319205726	14742.6656453411	6429.6708925371	7921.54113574894	27.441544882237	30.439707506405	32.3055240262238	40.2778366797143	33.8200530969232	257.079468057773	441.219055326392	314.645953622673	392.794989859388	365.839426363011	331.200929695555	334.455828874838	4.67215129771	10.7476028638381	5.24354302839075	18.0324930540581	11.7746482206281	9.02979841533399	11.2910786433309	9.72791744236804	6.45727480756588	10.4868168407807
"Cep55"	69.3732319173543	40.3640556073599	54.1897232975658	45.1097555838445	57.2792646555226	66.118567444498	393.435172555793	337.064078241655	461.577411465591	419.896447386022	401.364453664956	0	0	0	32.0648971313786	4.51653612793841	4.64300368732087	4.64521984548386	191.55820320611	145.092638661814	209.74172113563	96.17329628831	186.582887188414	199.476455902378	104.44247745081	154.150076394447	157.693447932135	169.661715316916
"Pamr1"	97.2464054555771	68.9858404925787	66.0129356533983	105.17302130598	72.5537352303286	58.799168834406	3.50996504307683	3.71215945200061	3.91582109408773	4.53125662646786	4.47618349812219	67.6524915941508	51.1558325016107	30.4496084150974	48.0973456970679	57.2094576205531	38.6916973943406	67.355687759516	0	0	0	0	0	0	2.82276966083271	0.748301341720618	1.35942627527703	1.12358751865507
"Sh3pxd2b"	475.082757862596	366.212068146774	412.827164757819	475.770847566626	420.341680625912	364.750030736253	58.7121425387396	85.7508833412141	96.9165720786714	107.743213118236	83.5554252982808	13.5304983188302	31.9723953135067	50.7493473584957	16.0324485656893	19.5716565543998	13.9290110619626	22.4518959198387	4.67215129771	16.1214042957572	41.948344227126	30.0541550900969	17.2091012455334	11.4924707104251	15.0547715244411	11.9728214675299	16.6529718721436	19.1009878171362
"Gramd2"	3.7164231384297	3.66945960066908	1.97053539263876	2.49225168971517	3.52487782495524	2.43979953669734	21.3788779896498	30.8109234516051	25.9423147483312	24.1667020078286	30.8359307648417	987.726377274601	5217.89491516429	1674.72846283036	3126.32747030941	4896.67791870655	1846.36779965793	2688.03388391999	4.67215129771	10.7476028638381	10.4870860567815	12.0216620360388	8.15167953735791	9.85068918036435	8.46830898249814	8.60546542978711	0.339856568819257	8.61417097635555
"Aspm"	398.276679668382	186.408547713989	105.423643506173	187.915777404524	280.227787083941	269.597848805057	116.147934152724	189.691347997231	171.317172866338	195.850980855111	178.05263248086	40.5914949564905	102.311665003221	131.948303132089	200.405607071116	111.407891155814	85.1217342675492	92.1301936020966	37.37721038168	21.4952057276762	20.974172113563	66.1191411982132	38.0411711743369	53.3578997269736	30.1095430488823	38.9116697694721	40.1030751206723	31.085921349457
"Sgo1"	46.4552892303712	88.0670304160579	111.33524968409	78.7551533949993	80.4847103364779	77.5856252669756	3.82905277426563	2.59851161640043	2.9368658205658	3.524310709475	2.48676861006788	0	0	30.4496084150974	8.01622428284465	9.78582827719988	1.54766789577362	1.54840661516129	4.67215129771	0	0	0	2.71722651245264	0	0	0.374150670860309	0	0
"Tmem200b"	110.873290296486	121.826058742213	123.158462039922	120.624981782214	116.320968223523	115.890477993124	22.9743166455938	27.8411958900046	24.4738818380483	29.7049045512893	15.4179653824209	47.3567441159055	12.7889581254027	40.5994778867966	8.01622428284465	10.5385842985229	31.7271918633593	19.3550826895161	4.67215129771	16.1214042957572	5.24354302839075	18.0324930540581	3.62296868327018	2.46267229509109	12.2320018636084	0.374150670860309	0	9.3632293221256
"Trib1"	32.2090005330574	38.1623798469584	54.1897232975658	62.3062922428792	31.1364207871046	21.9581958302761	21.3788779896498	12.6213421368021	23.4949265645264	11.0764050869214	19.3967951585295	0	19.183437188104	0	16.0324485656893	10.5385842985229	14.7028450098494	7.74203307580644	9.34430259542001	0	0	6.01083101801938	3.62296868327018	3.28356306012145	0.940923220277571	2.99320536688247	2.71885255055405	3.74529172885024
"Vav1"	13.0074809845039	5.87113536107052	12.8084800521519	6.47985439325944	12.0433325685971	11.955017729817	48.1822474095092	84.2660195604139	66.0794809627305	92.1355514048465	87.0369013523758	27.0609966376603	76.7337487524161	30.4496084150974	32.0648971313786	45.165361279384	22.4411844887175	34.839148841129	4.67215129771	16.1214042957572	20.974172113563	18.0324930540581	18.1148434163509	17.2387060656376	12.2320018636084	11.5986707966696	21.4109638356132	6.36699593904541
"Ube2c"	396.418468099168	361.808716625971	379.328063082961	525.117431022986	333.982173914509	291.068084727993	171.669199379576	126.584637313221	159.569709584075	119.82656412215	162.634667098439	87.948239072396	294.146036884262	111.648564188691	136.275812808359	106.891355027876	156.314457473136	192.00242028	88.7708746564901	69.8594186149477	15.7306290851722	30.0541550900969	43.4756241992422	63.2085889073379	49.8689306747113	58.3675046542082	54.0371944422618	35.9548005969623
